Isolate	Canonical	5mCpG	5hmCpG
Gd1111	81.34	10.49	8.17
Gd2185	83.25	10.77	5.98
Gd2407	82.14	11.85	6.01
Gd267	89.07	2.59	8.34
Gd293	84.01	9.20	6.79
Gd442	83.16	9.51	7.33
Gd45	81.47	9.84	8.70
Gd4985	83.85	10.54	5.62
Gd4986	81.53	10.74	7.74
Gd614	80.77	11.60	7.62
Gd708	82.51	12.15	5.34
Gd994	82.65	9.46	7.89
